00012
00013
00021
00024
00031
00034
00042
00043
00102
00103
00111
00112
00114
00120
00121
00130
00132
00133
00141
00143
00144
00201
00204
00210
00211
00214
00222
00223
00224
00231
00232
00233
00240
00242
00301
00304
00310
00313
00322
00323
00324
00331
00332
00333
00340
00341
00344
00402
00403
00411
00412
00414
00420
00422
00423
00430
00434
00441
00443
00444
01002
01003
01011
01012
01014
01020
01021
01024
01030
01033
01041
01042
01044
01101
01102
01104
01110
01112
01113
01114
01120
01121
01122
01123
01124
01131
01132
01133
01134
01140
01141
01142
01143
01200
01201
01203
01210
01211
01212
01213
01214
01222
01223
01224
01231
01232
01233
01241
01242
01244
01300
01303
01304
01311
01312
01313
01314
01320
01321
01322
01323
01330
01332
01333
01334
01341
01343
01344
01401
01404
01410
01411
01412
01413
01421
01422
01424
01430
01431
01433
01434
01440
01442
01443
01444
02001
02004
02010
02011
02022
02023
02024
02032
02033
02034
02040
02042
02043
02100
02101
02103
02110
02111
02113
02114
02121
02122
02123
02124
02131
02132
02133
02140
02141
02142
02144
02202
02203
02204
02211
02212
02213
02214
02220
02221
02223
02224
02230
02231
02232
02234
02240
02241
02242
02243
02244
02302
02303
02310
02311
02312
02313
02320
02321
02322
02324
02330
02331
02333
02334
02342
02343
02344
02400
02401
02402
02411
02412
02414
02420
02421
02422
02423
02424
02432
02433
02434
02441
02443
02444
03001
03004
03010
03012
03013
03021
03022
03023
03031
03032
03033
03040
03044
03100
03103
03104
03111
03112
03114
03121
03122
03123
03130
03131
03132
03133
03134
03141
03143
03144
03202
03203
03211
03212
03213
03220
03221
03222
03224
03230
03231
03233
03234
03240
03242
03243
03244
03301
03302
03303
03310
03311
03312
03313
03314
03320
03321
03323
03324
03330
03331
03332
03334
03341
03342
03343
03344
03400
03402
03404
03410
03411
03413
03414
03422
03423
03424
03431
03432
03433
03434
03440
03441
03442
03444
04002
04003
04011
04013
04014
04020
04022
04030
04031
04034
04041
04043
04044
04101
04104
04110
04111
04112
04113
04120
04121
04122
04124
04131
04133
04134
04140
04142
04143
04144
04200
04201
04202
04211
04212
04214
04220
04221
04222
04223
04230
04232
04233
04234
04241
04242
04243
04244
04300
04302
04304
04311
04313
04314
04322
04323
04324
04331
04332
04333
04340
04341
04342
04343
04344
04401
04403
04404
04410
04412
04413
04414
04421
04422
04423
04424
04430
04431
04432
04433
04434
04440
04441
04442
04443
10002
10003
10011
10012
10014
10020
10021
10023
10030
10033
10034
10041
10044
10101
10102
10104
10110
10112
10113
10114
10120
10121
10123
10124
10131
10132
10134
10140
10141
10142
10143
10200
10201
10210
10211
10212
10213
10214
10221
10222
10223
10224
10231
10232
10233
10240
10241
10242
10244
10300
10302
10303
10311
10312
10313
10314
10321
10322
10323
10330
10331
10332
10333
10334
10341
10343
10344
10401
10403
10404
10410
10411
10412
10413
10420
10421
10422
10424
10431
10433
10434
10440
10442
10443
10444
11001
11002
11004
11010
11012
11013
11014
11020
11021
11022
11023
11024
11031
11032
11033
11034
11040
11041
11042
11043
11100
11102
11103
11104
11120
11122
11123
11124
11130
11132
11133
11134
11140
11142
11143
11144
11200
11201
11203
11204
11210
11212
11213
11214
11220
11221
11222
11223
11224
11230
11231
11232
11233
11234
11240
11241
11243
11244
11301
11302
11304
11310
11312
11313
11314
11320
11321
11322
11324
11330
11331
11332
11333
11334
11340
11341
11342
11343
11344
11400
11401
11402
11403
11410
11412
11413
11414
11420
11421
11422
11423
11424
11430
11431
11432
11433
11434
11441
11442
11443
11444
12000
12001
12004
12010
12011
12012
12013
12014
12022
12023
12024
12030
12031
12032
12033
12041
12042
12044
12100
12101
12102
12103
12104
12110
12112
12113
12114
12120
12121
12122
12123
12124
12130
12131
12132
12134
12140
12141
12142
12143
12144
12201
12202
12203
12204
12211
12212
12213
12220
12221
12223
12224
12230
12231
12232
12233
12234
12240
12241
12242
12243
12244
12301
12302
12303
12310
12311
12312
12313
12314
12320
12321
12322
12323
12324
12330
12331
12332
12333
12334
12341
12342
12343
12344
12401
12402
12404
12410
12411
12412
12413
12414
12420
12422
12423
12424
12431
12432
12433
12434
12440
12441
12442
12443
12444
13000
13003
13011
13012
13013
13014
13021
13022
13023
13030
13032
13033
13034
13040
13041
13043
13044
13101
13102
13103
13104
13110
13112
13113
13114
13120
13121
13122
13123
13124
13130
13131
13132
13133
13134
13140
13141
13142
13143
13144
13200
13201
13202
13203
13210
13211
13212
13213
13214
13220
13221
13222
13223
13224
13230
13232
13233
13234
13241
13242
13243
13244
13300
13301
13302
13303
13304
13311
13313
13314
13320
13321
13322
13323
13324
13330
13331
13332
13334
13340
13341
13342
13343
13344
13401
13403
13404
13410
13411
13412
13413
13414
13421
13422
13423
13424
13430
13431
13432
13433
13434
13440
13441
13442
13444
14001
14002
14004
14010
14011
14012
14013
14021
14022
14024
14031
14033
14034
14040
14042
14043
14044
14100
14101
14102
14103
14110
14112
14113
14114
14120
14121
14123
14124
14130
14131
14132
14133
14134
14141
14142
14143
14144
14201
14202
14204
14210
14211
14212
14213
14214
14220
14221
14222
14223
14224
14231
14232
14233
14234
14240
14241
14242
14243
14244
14300
14301
14303
14304
14310
14311
14312
14313
14314
14321
14322
14323
14324
14330
14331
14332
14333
14340
14341
14342
14343
14344
14400
14402
14403
14404
14411
14412
14413
14414
14420
14421
14422
14423
14424
14430
14431
14432
14433
14434
14440
14441
14442
14443
20001
20004
20010
20011
20013
20022
20023
20024
20032
20033
20040
20041
20042
20100
20101
20104
20110
20111
20112
20113
20114
20121
20122
20123
20124
20131
20132
20133
20141
20142
20144
20202
20203
20204
20212
20213
20214
20220
20221
20223
20224
20230
20231
20232
20234
20240
20241
20242
20243
20301
20302
20303
20311
20312
20313
20320
20321
20322
20324
20330
20331
20333
20334
20340
20342
20343
20344
20400
20402
20411
20412
20414
20420
20421
20422
20423
20424
20430
20432
20433
20434
20441
20442
20443
20444
21000
21001
21010
21011
21013
21014
21021
21022
21023
21024
21030
21031
21032
21033
21041
21042
21044
21100
21101
21102
21103
21104
21110
21112
21113
21114
21121
21122
21123
21130
21131
21132
21133
21134
21140
21141
21142
21143
21144
21201
21202
21203
21204
21210
21211
21212
21213
21214
21220
21221
21223
21224
21230
21231
21232
21233
21234
21240
21241
21242
21243
21244
21301
21302
21303
21310
21311
21312
21313
21314
21320
21321
21322
21323
21324
21330
21332
21333
21334
21341
21342
21343
21344
21400
21401
21402
21404
21410
21411
21413
21414
21420
21421
21422
21423
21424
21431
21432
21433
21434
21440
21441
21442
21443
21444
22002
22003
22004
22011
22012
22013
22014
22020
22021
22023
22024
22030
22031
22032
22034
22040
22041
22042
22043
22044
22102
22103
22104
22110
22111
22112
22113
22114
22120
22121
22123
22124
22130
22131
22132
22133
22134
22140
22142
22143
22144
22200
22201
22203
22204
22210
22211
22213
22214
22230
22231
22233
22234
22240
22241
22243
22244
22300
22301
22302
22304
22310
22311
22312
22313
22314
22320
22321
22323
22324
22331
22332
22333
22334
22340
22341
22342
22343
22344
22400
22401
22402
22403
22410
22411
22412
22413
22414
22420
22421
22423
22424
22430
22431
22432
22433
22440
22441
22442
22443
22444
23002
23003
23004
23011
23012
23013
23020
23021
23022
23024
23030
23031
23033
23034
23042
23043
23044
23100
23101
23102
23103
23110
23111
23112
23114
23120
23121
23122
23123
23124
23130
23131
23132
23133
23134
23141
23142
23143
23144
23200
23201
23202
23204
23210
23211
23212
23213
23214
23220
23221
23223
23224
23231
23232
23233
23234
23240
23241
23242
23243
23300
23301
23303
23304
23310
23311
23312
23313
23314
23321
23322
23323
23324
23330
23331
23332
23334
23340
23341
23342
23343
23344
23402
23403
23404
23411
23412
23413
23414
23420
23421
23422
23423
23424
23430
23431
23432
23433
23434
23440
23441
23442
23443
23444
24000
24002
24003
24010
24011
24012
24014
24020
24021
24022
24023
24024
24032
24033
24034
24041
24043
24044
24101
24102
24104
24110
24111
24112
24113
24114
24120
24121
24122
24123
24124
24131
24132
24133
24134
24140
24141
24142
24143
24144
24200
24201
24202
24203
24204
24210
24212
24213
24214
24220
24221
24223
24224
24230
24231
24232
24233
24234
24240
24241
24242
24243
24244
24302
24303
24304
24311
24312
24313
24314
24320
24321
24322
24323
24324
24330
24331
24332
24333
24334
24340
24341
24343
24344
24401
24402
24403
24404
24410
24411
24412
24413
24414
24421
24422
24424
24430
24431
24432
24433
24434
24440
24441
24442
24443
30001
30004
30010
30013
30014
30022
30023
30031
30032
30033
30040
30042
30044
30100
30103
30111
30112
30113
30114
30120
30121
30122
30123
30130
30131
30132
30133
30134
30141
30143
30144
30202
30203
30204
30210
30211
30212
30213
30220
30221
30222
30224
30230
30231
30233
30234
30242
30243
30244
30301
30302
30303
30310
30312
30313
30314
30320
30321
30323
30324
30330
30331
30332
30334
30341
30342
30343
30400
30401
30404
30411
30413
30414
30422
30423
30424
30431
30432
30433
30434
30440
30441
30442
30443
30444
31000
31002
31003
31011
31012
31014
31021
31022
31023
31030
31031
31032
31033
31034
31040
31041
31043
31044
31101
31102
31103
31104
31110
31112
31113
31114
31120
31121
31122
31123
31124
31131
31133
31134
31140
31141
31142
31143
31144
31201
31202
31203
31210
31211
31212
31214
31220
31221
31222
31223
31224
31230
31231
31232
31233
31234
31241
31242
31243
31244
31300
31301
31302
31303
31304
31310
31311
31312
31313
31314
31320
31321
31322
31323
31324
31330
31331
31332
31334
31340
31341
31342
31343
31401
31403
31404
31410
31411
31412
31413
31414
31421
31422
31423
31424
31430
31431
31432
31433
31434
31440
31441
31442
31443
31444
32001
32002
32003
32011
32012
32013
32020
32021
32022
32024
32030
32031
32033
32034
32042
32043
32044
32101
32102
32103
32110
32111
32112
32113
32114
32120
32121
32122
32123
32124
32130
32131
32132
32133
32134
32141
32142
32143
32144
32200
32201
32202
32204
32210
32211
32212
32213
32214
32220
32221
32223
32224
32231
32232
32233
32234
32240
32241
32242
32243
32244
32300
32301
32303
32304
32310
32312
32313
32314
32321
32322
32323
32324
32330
32331
32332
32334
32340
32341
32342
32343
32344
32400
32402
32403
32404
32411
32412
32413
32414
32420
32421
32422
32423
32424
32430
32431
32432
32433
32434
32440
32441
32443
32444
33001
33002
33003
33010
33011
33012
33013
33014
33020
33021
33023
33024
33030
33031
33032
33034
33041
33042
33043
33044
33100
33102
33103
33104
33110
33111
33112
33113
33114
33120
33122
33123
33124
33130
33131
33132
33134
33140
33141
33142
33143
33144
33200
33201
33203
33204
33210
33211
33212
33213
33214
33221
33222
33223
33224
33230
33231
33232
33234
33240
33241
33242
33243
33244
33300
33301
33302
33304
33310
33311
33312
33314
33320
33321
33322
33324
33340
33341
33342
33344
33401
33402
33403
33410
33411
33412
33413
33420
33421
33422
33423
33424
33430
33431
33432
33434
33440
33441
33442
33443
33444
34000
34004
34011
34013
34014
34020
34022
34023
34024
34031
34032
34033
34034
34040
34041
34042
34044
34100
34101
34103
34104
34110
34111
34112
34113
34114
34121
34122
34123
34124
34130
34131
34132
34133
34134
34140
34141
34142
34144
34202
34203
34204
34211
34212
34213
34214
34220
34221
34222
34223
34230
34231
34232
34233
34234
34240
34241
34242
34243
34244
34301
34302
34303
34304
34310
34311
34312
34313
34314
34320
34321
34322
34323
34324
34330
34331
34332
34334
34340
34341
34342
34343
34344
34400
34401
34402
34403
34404
34410
34411
34412
34413
34414
34420
34421
34422
34423
34424
34432
34433
34434
34440
34441
34442
34443
40002
40003
40011
40014
40020
40021
40022
40030
40032
40034
40041
40043
40044
40101
40102
40104
40110
40111
40112
40113
40121
40122
40124
40130
40131
40133
40134
40140
40142
40143
40144
40200
40202
40203
40211
40212
40214
40220
40221
40222
40223
40224
40232
40233
40234
40241
40242
40243
40244
40300
40304
40310
40311
40313
40314
40322
40323
40324
40331
40332
40333
40334
40340
40341
40342
40343
40344
40401
40403
40404
40410
40412
40413
40414
40421
40423
40424
40430
40431
40432
40434
40440
40441
40442
40443
41001
41003
41004
41010
41011
41012
41013
41021
41022
41024
41031
41033
41034
41040
41042
41043
41044
41100
41101
41102
41103
41110
41112
41113
41114
41120
41121
41122
41123
41124
41130
41131
41132
41133
41134
41141
41142
41143
41144
41200
41201
41202
41204
41210
41211
41212
41213
41214
41220
41222
41223
41224
41231
41232
41233
41234
41240
41241
41242
41243
41244
41301
41303
41304
41310
41311
41312
41313
41314
41321
41322
41323
41324
41330
41331
41332
41333
41334
41340
41341
41342
41343
41344
41400
41402
41403
41404
41411
41412
41413
41414
41420
41421
41422
41423
41424
41430
41431
41432
41434
41440
41441
41442
41443
42000
42002
42010
42011
42012
42014
42020
42021
42022
42023
42032
42033
42034
42041
42042
42043
42044
42101
42102
42104
42110
42111
42113
42114
42120
42121
42122
42123
42124
42131
42132
42133
42134
42140
42141
42142
42143
42144
42200
42201
42202
42203
42204
42210
42211
42212
42213
42214
42220
42221
42223
42224
42230
42231
42232
42233
42234
42241
42242
42244
42300
42302
42303
42304
42311
42312
42313
42314
42320
42321
42322
42323
42330
42331
42332
42333
42334
42340
42341
42342
42343
42344
42401
42402
42403
42404
42410
42411
42412
42413
42414
42420
42421
42422
42423
42424
42430
42431
42432
42433
42434
42440
42441
42442
42443
43000
43001
43004
43011
43013
43014
43020
43022
43023
43024
43031
43032
43033
43040
43041
43042
43043
43044
43101
43103
43104
43110
43111
43112
43113
43114
43121
43122
43123
43124
43130
43131
43132
43133
43140
43141
43142
43143
43144
43202
43203
43204
43211
43212
43213
43214
43220
43221
43222
43223
43224
43230
43231
43232
43233
43234
43240
43241
43242
43243
43244
43301
43302
43303
43304
43310
43311
43312
43313
43314
43320
43321
43322
43323
43324
43330
43331
43332
43334
43342
43343
43344
43400
43401
43402
43403
43404
43410
43411
43412
43413
43414
43420
43421
43423
43424
43430
43431
43432
43433
43434
43440
43441
43442
43443
44001
44003
44004
44010
44012
44013
44014
44021
44022
44023
44024
44030
44031
44032
44033
44034
44040
44041
44042
44043
44100
44102
44103
44104
44111
44112
44113
44114
44120
44121
44122
44123
44124
44130
44131
44132
44133
44134
44140
44141
44142
44143
44201
44203
44204
44210
44211
44212
44213
44214
44220
44221
44222
44223
44224
44230
44231
44233
44234
44240
44241
44242
44243
44300
44301
44302
44304
44310
44311
44312
44314
44320
44321
44322
44323
44324
44330
44331
44332
44333
44334
44340
44341
44342
44343
44400
44401
44402
44403
44410
44411
44412
44413
44420
44421
44422
44423
44430
44431
44432
44433
